# "Biomass.dat.dat" produced by dat_write() from ADMButils; Mon May 04 16:17:09 2020
# start_year 
 1973 

# end_year 
 2019 

# Bl 
0
0
0
8
17.5
19.4
65.1
157.9
376
505.1
533.3
450.6
403.1
340.4
319.7
233.9
191.2
174.3
131.8
132.3
158
177.2
195.7
208.8
156.7
110.4
64.6
11
1.1
1.1
0
0
0
0.1
0.3
0.5
2.9
5.4
22.4
53.8
106.2
257.8
620.8
815.9
751.2
632.7
564.1
403.4
325.2
263.1
255.5
193.9
140.3
112.9
83.2
49.4
34.9
10.8
9.4
8.1
6.6
2.1
0
0
0
0
0
0
0.2
1.8
8.8
37.9
109.4
163.5
235.7
255.6
372
671.8
756.8
852.4
769.7
657.7
553.9
453.4
385.2
395.4
336.4
267.6
228.9
179.2
89.2
23.8
0
0
0
0
0
0
0
0
0.2
3.8
12.9
23.9
52.9
76.7
191.1
204.5
218.5
339.3
438.8
548
507.6
600.4
543.1
586.5
467.3
462.5
265.9
242.5
257.5
166.5
122.6
47
35.2
0
2.2
0
1.4
3.5
9
14.9
26.8
46.3
101.7
117.5
120.5
130.2
113.3
75.7
110.9
177.1
238.5
233.9
310.4
290.9
304.4
351.9
331.7
423
331.9
313.8
263.8
219.7
92.3
29.8
8.4
2.9
0
0
0
0
0
0.3
4.9
5.3
17.1
25.5
72.2
97.8
144.8
238.2
381.3
438.2
499
358.8
305.6
256.1
213.8
255.3
229
225.3
180
146
72.1
34.3
25.8
17.8
2.9
0
0
0
0
0
0
0
0
0
0.2
0.1
1.1
7.1
33.8
75.5
165
428.3
613.1
621.9
590.5
399.6
304.3
240
242.9
137.8
143.7
52.7
67
32
4.8
0
0
0
0
0
0
0
0
0.6
2.5
2.6
9.6
29.7
60.3
83.2
119.3
259.1
366.9
345.4
341.8
340.1
388.9
452
559.1
553.4
606.3
451.6
444.6
335.2
264.4
261.7
191.6
117.1
91.3
36.5
0
0
0
0
8.3
19.2
33.3
78.3
118.3
123.1
136.9
130.5
108.8
114.2
88.7
127.6
234.1
363.8
342.7
315.6
276.6
201.7
197.4
190.2
155.8
156.1
107
120
77.7
46.3
7.8
11.5
2.3
1.3
4.44
9.7
30.16
40.68
55.98
71.89
57.65
87.76
143.7
184.59
216.49
198.26
158.91
196.59
209.03
196.37
163.92
161.1
167.54
178.86
217.05
212.57
161.39
172.44
170.61
136.49
87.37
22.9
37.2
20.27
6.3
0
0
0
0
5.3
7.2
10.9
55.7
208.3
340.1
353.2
278.1
249.8
249.1
212.6
248.3
231.1
253
199.2
231.2
199.5
225.6
168.8
191.9
117.1
106.1
54.1
16.1
16.1
1.3
0
0
0
0
0
0
0
0
2.6
6.7
23.2
75.8
136.4
157.5
209.4
229.1
222.6
215.1
173.1
170.8
134.2
141.3
129.3
152.6
128.1
136.7
117.1
131.3
99.5
68.6
47.4
32.1
17.8
4.8
1.2
0
0
0
0
0.04
0.04
0.6
3.3
10.8
25.5
44
63.8
63.4
57.5
83.3
76.9
78.1
66.7
82.4
59.7
59
32.8
24.8
14.6
8.8
2.2
1.3
0
0
0
0
0
0
0
0
0
0.3
0.2
0.3
0.9
0.9
1.8
3.5
6.4
6.6
6.8
5.1
5.6
6.5
10.2
12.8
14.8
17.7
12.5
5.5
1.8
0.03
0.1
0
0
0
0
0
0
0
0
2.2
3.6
3.3
3.6
8.8
15.9
13.1
9.7
4.8
4.8
2.4
2.5
1.9
1.9
2.1
3.2
5.4
5.9
3.4
1.7
0.18
0
0
0.34
0
0
0
0
0
0
0
0
0
0.04
0.2
0.8
3.1
7.9
12.1
14.1
10.3
12.7
9.1
13.1
15.7
37.1
37.6
53.1
45.8
45.5
43.8
30.3
18.8
7.8
7
1.1
0.5
0
0
0
0
0
0
0
0
0
9.5
12.3
35.9
66.9
107.5
104.9
93.9
68.6
44.2
31.7
28
22.5
32.5
32.4
36.8
28.5
27.7
18
15.2
19.5
11.8
9.3
4.5
2.4
0
0
0
0
0
0
0
0
3.8
24.7
102.2
209.6
278.5
325.2
384.4
352.8
367.1
294
258.1
184.4
190.5
238.6
292.6
300.4
392.3
364.8
438.5
301.2
249.3
155.3
97.4
22.6
2.4
0
0
0
0
0
0
0
3.3
9
33.1
64.6
146.7
344.8
472.5
514.3
603.7
665.2
620.7
568.8
503.5
487.7
482.2
413.5
402.5
270.9
236
177.6
118
83.2
43
16.9
4.4
0.4
0
0
0
0
0
0
5.7
18.2
30.7
88.7
214.4
308.8
247.7
253.6
227.1
253.5
274
298.7
334
367.2
385.7
351.2
364.9
311.3
352.4
225.4
147.6
56.9
23.2
9.3
0
0
0
0
0
0
0
0
0.1
0.1
0.2
0.7
1.6
2
3
4.7
14.6
38.7
79.8
105.3
115.6
99.7
87.3
90.1
60.5
35.1
26.9
19.7
4.6
2
4
0
0
0
0
0
0
0
0
0
0.1
1.6
5.2
5.9
6.9
3.6
8
6.6
14.8
15.4
15.2
8.4
6
7.1
15
19.3
22.1
19.9
11
6.1
0.9
0
0
0
0
0
0
0
0
0
0
0
0
0.1
0.1
0.04
0.4
1.1
3
6.1
8.8
7.4
9.9
12.1
12.9
13.3
18.7
18.9
21
18.3
15.3
14.1
7.3
4.2
0.5
0
0
0
0
0
0
0
0
9.3
6.1
8.5
15.3
20.7
26.9
21.9
26.7
26.8
25.9
22.1
12.2
12.4
9.2
10
10.6
16.3
23.4
27.6
38.4
47.4
40.1
22.3
15.4
4.8
2.1
0
0
0
0
0
0.1
0.7
4.3
8.4
13
15.6
22.6
42.5
54.6
75.4
76.6
79.4
59.3
56.1
49.6
38.5
36.8
42.2
50.7
36.9
39.2
38.6
28.2
24.8
11
3.1
0.6
0
0
0
0
0
0.4
0.6
1.2
1.6
17.3
19.3
35.1
66.3
114.7
154.9
153.4
165.5
113.8
91.9
89.2
99.2
126.5
137
135.3
122.8
117.5
126
67.2
56.6
25
13.6
3.8
0.5
0
0
0
0
0
4.3
7.2
11.5
14.7
23.7
34.6
50
79.8
110.1
97.2
114.3
114.4
112.5
122.5
160.3
178.9
204.7
241.7
195.5
174.8
169.9
164.3
131.8
123.5
81.6
33.9
14.8
2.4
0.2
0
0
0
2.2
11.7
24.2
59
128.9
168.6
192.1
273.3
274.7
225.9
193.5
150.3
142.6
152.2
176
208.3
225.3
228.7
244.3
219.2
246.9
212.1
198.3
161.9
101.2
41.2
4.7
5.8
0
0
0
0.3
1.3
2.8
5
9.7
21
46.1
74.3
93.5
77.2
80.6
169.2
236.9
266.2
275.7
251.3
282.4
270.2
199
223.8
200.6
259.6
213.8
139.9
146.8
54.4
24.7
2.9
0.5
0
0
0
0
0
0.3
2.6
18.1
18.8
19.6
16.7
30.5
53.5
58.4
87.5
138
162.5
158
154.4
190
155.3
155.2
142.8
152.6
146.3
122.8
115.7
67.5
29.8
10.3
2.6
0.4
0.1
0
0
0
4.5
9.3
7.5
28.9
35.4
37.1
29.5
26.5
14.9
7.4
6.7
7.9
7.3
13.4
16.7
26.2
37.7
39.3
45.2
47.9
36.2
27.6
14.4
3.6
1.5
0.1
0
0
0
0
0
0.2
0.5
0.9
3.3
5.5
13.6
24.7
22.8
30.2
26.1
30.6
30.1
28.3
33.6
43.2
40.9
49.3
45.1
46.4
43.9
45.7
36.4
18.6
6.2
0.9
0.1
0.5
0.1
0.2
0
0
0
0
0.8
1.6
3.5
1.6
2
4.6
8.1
16.9
22.2
17.6
17.7
6.5
12
13.8
21.1
24.5
30.4
33.5
32.2
24.5
16.8
7.2
3.7
1.2
0
0
0
0
0
0
0
0
0.3
1.7
4.1
10.1
8.8
11.7
15.3
29.2
46.9
38.1
56
26.7
38.8
26.6
35.1
53.9
48.4
55
61.2
62.4
54.9
32.8
38.9
21.2
6.8
1.4
0
0
0
0
0
0
0.2
0.6
4.9
14.6
30.9
79
125
191.5
149.3
114
105.8
54
54.5
57.1
54.5
70.3
83.9
128.4
141.3
161
100.5
56.8
38.5
32.3
18
10.6
1.2
0
0
0
0
0
1.1
7.8
29.6
62.7
100.6
156.3
165.2
187.6
118
83.6
114.1
89.2
215.8
276.5
355.2
525.1
350.8
376.1
257.4
252.9
204.3
182.3
119.7
107.4
60.1
27.3
1.9
0
0
0
0
0.02
0.21
0.83
3.28
19.96
47.02
66.39
81.85
107.29
72.54
55.1
116.93
121.87
225.37
242.76
271.42
192.33
164.58
158.74
222.61
283.08
376.79
286.81
278.75
234.65
72.11
46.91
5.51
0
0
0
2.81
7.76
10.18
9.52
18.47
31.89
60.86
89.55
91.18
145.71
95.16
110.05
101.84
104.93
175.34
215.77
175.01
268.68
151.72
197.04
175.44
217.77
250.75
246.6
204.05
157.75
109.62
59.61
11.77
1.18
0
0
0
6.33
20.51
23.24
32.02
39.99
52.71
70.33
75.71
86.93
109.6
124.62
123.93
192.78
228.78
225.29
180.09
234.81
288.5
246.28
293.76
301.74
201.25
239.67
144.06
139.71
22.29
0.41
2.34
0
0
0
0
0
3.048
6.578
14.107
23.472
33.343
53.946
52.397
83.763
103.131
128.237
149.499
251.727
210.343
244.886
228.817
204.758
221.481
212.226
277.271
310.226
255.701
224.419
156.91
102.036
31.053
1.811
0
0.533
0
0
0
0.922
1.903
4.778
22.761
60.11
142.057
238.661
149.824
199.154
169.223
212.064
239.904
258.631
270.169
280.635
233.803
244.958
257.89
224.5
221.654
181.091
128.87
113.265
68.146
19.832
8.617
1.989
0
0
0
0
0
0
0.34
4.655
10.148
11.309
19.066
28.15
45.246
56.083
71.1
62.613
75.404
101.779
127.465
154.726
166.365
141.603
137.963
171.274
119.671
170.611
102.835
83.772
51.612
29.131
6.01
0.336
0.146
0
0
0
0
0
1.01
1.17
2.44
2.77
4.21
7.23
14.12
28.35
40.01
36.48
26.76
37.78
44.22
68.79
81.39
95.53
81.41
82.81
75.66
55.25
32.84
17.23
4.31
0.63
0.03
0
0
0
0
0
0
0
0
0
4.405
3.82
6.01
9.103
17.868
11.264
8.235
10.234
12.735
23.725
12.143
13.968
13.451
19.978
20.817
27.086
29.042
30.803
15.232
22.78
8.463
4.884
1.823
0.354
0
0
0
0
0
0
0
0
0.67
2.26
13.04
36.8
46.75
62.91
54.5
56.89
41.42
71.28
103.43
151.52
141.57
202.75
215.63
247.19
268.46
234.33
160.13
174.59
84.92
79.36
35.49
10.18
1.94
0
0
0
0
0
0
0
0
0
1.27496
14.3318
18.2052
27.8469
32.8049
64.6457
49.5526
49.951
48.8872
102.1946
107.9541
168.8349
183.3295
169.3417
129.7384
110.5214
65.6506
84.9872
57.1991
35.5455
35.7874
6.5595
8.1419
0
0
0
0
0
0
1.4599
2.5092
2.0044
4.6494
4.1368
5.1405
6.4049
7.9142
6.0539
7.785
9.2804
8.3754
16.5158
27.3028
21.5585
27.9925
24.4877
46.278
43.8271
52.6929
28.8963
28.3503
23.0566
2.7516
1.2131
0.2441
0.2642
0.0018

# B 
5144.2
5732.9
7806.3
6417.4
4796.1
4247.4
4161.4
6714.8
3895.1
3778.21
4229.7
2964.3
859.58
120.33
100.72
427.54
864.5
5830.7
7286.5
5150.2
796.3
199.1
193.54
502.4
908.8
2056.2
2775.1
4273.1
3629.7
2210.3
532.7
627.9
324
786.3
1878.7
4428.6
3755.71
3498.01
3707.68
3585.719
3955.411
1949.413
842.43
328.223
2498.01
1573.28606
411.1473

