1972  0.3 14.0 0.02   10    0
1973  0.6 13.5 0.05   10    0
1974  0.4 12.5 0.02    2    0
1975  0.5 12.5 0.02    1    0
1976  0.3 15.0 0.02    6    0
1977  0.6 13.0 0.02    2    0
1978  0.3 14.0 0.04    2    0
1979  0.4 13.0 0.03    9    0
1980  0.4 13.5 0.07    3    0
1981  0.5 13.0 0.01    1    0
1982  0.1 12.0 0.01   10    0
1983  0.5 12.0 0.03    2    0
1984  0.1 12.0 0.08   10    1
1985  0.2 12.0 0.03    5    1
1986  1.0 13.5 0.10    6    0
1987  0.1 13.5 0.09    7    0
1988  0.3 15.5 0.09    9    0
1989  0.8 16.0 0.09    7    1
1990  0.1 15.0 0.09    8    0
1991  0.2 12.0 0.08    8    0
1992  0.3 13.0 0.02    2    0
1993  0.4 12.0 0.06    6    0
1994  0.3 13.5 0.01    9    0
1995  0.1 12.5 0.03    9    0
1996  0.1 12.5 0.04    1    0
1997  0.3 13.5 0.03   10    0
1998  0.1 15.0 0.02   10    0
1999  0.3 14.5 0.01    7    0
2000  0.1 13.5 0.09    3    0
2001  0.2 13.5 0.04    7    0
2002  0.1 16.0 0.10   93    0
2003  0.4 16.0 0.03    7    0
2004  0.2 13.0 0.10   10    0
2005  0.2 15.5 0.01    9    0
2006  0.3 13.0 0.01    4    0
2007  0.6 15.0 0.02    5    0
2008  0.7 14.0 0.01   10    0
2009  0.4 14.5 0.05    9    0
2010  0.8 16.0 0.02   10    0
2011  0.9 14.5 0.02    9    0
2012  0.3 13.0 0.01   10    0
2013  0.4 13.0 0.08    1    0
2014  0.3 14.0 0.08    7    0
2015  0.3 12.0 0.10    9    0
2016  0.1 12.0 0.10    1    1
2017  0.2 13.0 0.04    9    0
2018  0.1 12.0 0.05    2    0
