1972  0.2 15.0 0.09    6    0
1973  0.1 13.0 0.01    6    0
1974  0.3 14.5 0.02    4    0
1975  0.2 12.5 0.01    5    0
1976  0.2 13.5 0.01    7    0
1977  0.1 16.0 0.10   10    0
1978  0.2 13.5 0.02    7    0
1979  0.3 15.0 0.04    6    0
1980  0.2 14.0 0.07    5    0
1981  0.4 14.5 0.04    6    0
1982  0.4 14.0 0.07    9    0
1983  0.1 15.5 0.01    3    0
1984  0.3 12.0 0.09    6    0
1985  0.5 16.0 0.06    7    0
1986  0.1 14.5 0.02    4    1
1987  0.1 14.0 0.02    1    1
1988  0.3 14.5 0.10    6    0
1989  0.1 15.0 0.10    7    0
1990  0.3 15.0 0.05    6    0
1991  0.2 13.5 0.07    5    0
1992  0.3 14.0 0.06    3    0
1993  0.4 16.0 0.08    8    0
1994  0.3 14.0 0.10    9    0
1995  0.2 15.0 0.05   10    0
1996  0.2 15.5 0.06    7    0
1997  0.4   15 0.01   57    0
1998  0.1 12.5 0.06   10    0
1999  0.1 15.5 0.01    9    0
2000  0.3 15.5 0.06    7    0
2001  0.1 16.0 0.07    7    0
2002  0.3 13.0 0.09    6    0
2003  0.3 13.0 0.02    7    0
2004  0.3 15.0 0.02    2    0
2005  0.1 14.0 0.08   10    0
2006  0.2 12.0 0.08    5    0
2007  0.1 12.0 0.02    3    1
2008  0.2 12.5 0.10    5    0
2009  0.4 14.5 0.03   10    0
2010  0.2 15.5 0.06    6    0
2011  0.4 14.0 0.10    2    0
2012  0.4 14.5 0.08    9    0
2013  0.2 15.5 0.06    6    0
2014  0.1 13.5 0.09    8    0
2015  0.3 14.0 0.04    4    0
2016  0.1 12.0 0.03    9    1
2017  0.3 13.5 0.08    6    0
2018  0.2 12.5 0.06    8    0
